100.0 0.0
99.8027 6.2791
99.2115 12.5333
98.2287 18.7381
96.8583 24.869
95.1057 30.9017
92.9776 36.8125
90.4827 42.5779
87.6307 48.1754
84.4328 53.5827
80.9017 58.7785
77.0513 63.7424
72.8969 68.4547
68.4547 72.8969
63.7424 77.0513
58.7785 80.9017
53.5827 84.4328
48.1754 87.6307
42.5779 90.4827
36.8125 92.9776
30.9017 95.1057
24.869 96.8583
18.7381 98.2287
12.5333 99.2115
6.2791 99.8027
0.0 100.0
-6.2791 99.8027
-12.5333 99.2115
-18.7381 98.2287
-24.869 96.8583
-30.9017 95.1057
-36.8125 92.9776
-42.5779 90.4827
-48.1754 87.6307
-53.5827 84.4328
-58.7785 80.9017
-63.7424 77.0513
-68.4547 72.8969
-72.8969 68.4547
-77.0513 63.7424
-80.9017 58.7785
-84.4328 53.5827
-87.6307 48.1754
-90.4827 42.5779
-92.9776 36.8125
-95.1057 30.9017
-96.8583 24.869
-98.2287 18.7381
-99.2115 12.5333
-99.8027 6.2791
-100.0 0.0
-99.8027 -6.2791
-99.2115 -12.5333
-98.2287 -18.7381
-96.8583 -24.869
-95.1057 -30.9017
-92.9776 -36.8125
-90.4827 -42.5779
-87.6307 -48.1754
-84.4328 -53.5827
-80.9017 -58.7785
-77.0513 -63.7424
-72.8969 -68.4547
-68.4547 -72.8969
-63.7424 -77.0513
-58.7785 -80.9017
-53.5827 -84.4328
-48.1754 -87.6307
-42.5779 -90.4827
-36.8125 -92.9776
-30.9017 -95.1057
-24.869 -96.8583
-18.7381 -98.2287
-12.5333 -99.2115
-6.2791 -99.8027
-0.0 -100.0
6.2791 -99.8027
12.5333 -99.2115
18.7381 -98.2287
24.869 -96.8583
30.9017 -95.1057
36.8125 -92.9776
42.5779 -90.4827
48.1754 -87.6307
53.5827 -84.4328
58.7785 -80.9017
63.7424 -77.0513
68.4547 -72.8969
72.8969 -68.4547
77.0513 -63.7424
80.9017 -58.7785
84.4328 -53.5827
87.6307 -48.1754
90.4827 -42.5779
92.9776 -36.8125
95.1057 -30.9017
96.8583 -24.869
98.2287 -18.7381
99.2115 -12.5333
99.8027 -6.2791
100.000 0.000